step;avg_r;avg_l;avg_q;avg_ep_r;max_ep_r;min_ep_r
50000;0,8242;0,028529;0,439808;117,7371;616,0000;0,0000
75000;0,7726;0,013462;0,595162;110,8902;572,0000;0,0000
100000;0,8240;0,009239;0,730783;121,3728;616,0000;0,0000
125000;0,8069;0,010063;0,878662;113,2203;484,0000;0,0000
150000;0,8043;0,009891;0,987361;112,9663;484,0000;0,0000
175000;0,8149;0,010610;1,095644;115,1543;528,0000;0,0000
200000;0,8483;0,012904;1,230569;121,8851;528,0000;0,0000
225000;0,8202;0,015714;1,403836;109,6471;440,0000;0,0000
250000;0,8731;0,020760;1,532895;129,4048;572,0000;0,0000
275000;0,7874;0,023367;1,643774;108,2652;440,0000;0,0000
300000;0,9250;0,025320;1,828673;140,7853;528,0000;0,0000
325000;0,9134;0,029789;2,019626;154,1497;572,0000;0,0000
350000;0,9384;0,028958;2,242099;163,1329;676,0000;0,0000
375000;0,9278;0,026141;2,426755;162,2098;708,0000;0,0000
400000;1,0064;0,026403;2,586096;170,8219;804,0000;0,0000
425000;0,8920;0,027590;2,827565;154,8732;440,0000;0,0000
450000;1,0203;0,025948;3,001012;191,2424;660,0000;0,0000
475000;1,0179;0,027547;3,248642;192,2443;660,0000;0,0000
500000;0,9546;0,029298;3,488046;180,1212;632,0000;0,0000
525000;1,0278;0,029693;3,764149;183,9710;708,0000;0,0000
550000;0,9872;0,029697;4,032494;182,8148;804,0000;0,0000
575000;0,8990;0,031174;4,310495;161,7059;672,0000;0,0000
600000;0,9563;0,027543;4,463171;178,0896;572,0000;0,0000
625000;0,9973;0,028531;4,623516;198,0480;708,0000;0,0000
650000;1,0694;0,031360;4,838577;213,8387;852,0000;0,0000
675000;1,1331;0,035549;5,159156;222,3810;1044,0000;0,0000
700000;1,1891;0,036395;5,358365;234,0787;1096,0000;0,0000
725000;1,1126;0,037036;5,386305;216,6250;660,0000;0,0000
750000;1,1602;0,036813;5,538817;239,1333;784,0000;0,0000
775000;1,1109;0,038723;5,574461;227,2787;964,0000;0,0000
800000;1,0619;0,035082;5,781937;228,4828;928,0000;0,0000
825000;1,1768;0,035272;5,969984;255,3684;1068,0000;0,0000
850000;1,2718;0,041347;6,203390;271,7607;756,0000;0,0000
875000;1,0662;0,041041;6,396677;243,7757;804,0000;0,0000
900000;1,2773;0,042111;6,636982;281,8053;672,0000;0,0000
925000;1,1006;0,041081;6,837872;251,2294;672,0000;0,0000
950000;0,8870;0,040053;6,928419;249,1685;660,0000;0,0000
975000;1,2090;0,041057;7,070702;287,8476;1140,0000;0,0000
1000000;1,1886;0,045712;7,173378;300,0816;1292,0000;0,0000
1025000;0,9741;0,043903;7,431994;276,7273;1332,0000;0,0000
1050000;1,0408;0,043379;7,565144;269,6667;1044,0000;0,0000
1075000;1,0067;0,041623;7,692368;282,2472;1108,0000;0,0000
1100000;1,1280;0,042109;7,869004;297,6596;948,0000;0,0000
1125000;1,0741;0,042345;8,045774;280,3368;1188,0000;0,0000
1150000;1,3747;0,041183;8,145080;338,4000;1188,0000;0,0000
1175000;1,2763;0,045338;8,282035;319,6364;1188,0000;0,0000
1200000;1,2200;0,045663;8,426594;286,3774;756,0000;0,0000
1225000;1,2630;0,048358;8,621874;279,1786;900,0000;0,0000
1250000;1,2165;0,050464;8,776531;257,6207;1092,0000;0,0000
1275000;1,0517;0,056469;8,901397;244,8972;928,0000;0,0000
1300000;1,0082;0,058956;8,943562;280,0444;996,0000;0,0000
1325000;1,3234;0,061060;9,189092;282,0171;1044,0000;0,0000
1350000;1,0867;0,056341;9,338683;232,2051;804,0000;0,0000
1375000;1,1898;0,063279;9,467309;273,7778;852,0000;0,0000
1400000;1,3024;0,057990;9,613278;275,9322;928,0000;0,0000
1425000;1,1971;0,063431;9,606587;280,7238;1188,0000;0,0000
1450000;1,1728;0,064681;9,611488;256,0351;1236,0000;0,0000
1475000;1,3267;0,065018;9,827053;258,0000;948,0000;0,0000
1500000;0,9933;0,064484;10,005952;209,1379;660,0000;0,0000
1525000;0,9069;0,064789;10,149046;241,8925;920,0000;0,0000
1550000;0,9674;0,067101;10,131183;237,0000;1092,0000;0,0000
1575000;0,9949;0,067413;10,244337;242,5490;660,0000;0,0000
1600000;1,1006;0,077694;10,331682;239,2696;852,0000;0,0000
1625000;1,1598;0,070494;10,433808;251,7565;720,0000;0,0000
1650000;0,8853;0,065312;10,377620;199,6000;1092,0000;0,0000
1675000;1,0254;0,067944;10,369508;230,7523;720,0000;0,0000
1700000;1,0894;0,064304;10,466879;232,7863;916,0000;0,0000
1725000;1,1878;0,070327;10,530233;247,4667;740,0000;0,0000
1750000;1,1312;0,074180;10,585041;229,5610;948,0000;0,0000
1775000;1,0798;0,066716;10,734581;219,4754;852,0000;0,0000
1800000;1,1477;0,070621;10,725965;231,4797;708,0000;0,0000
1825000;1,1558;0,062953;10,798061;240,9748;852,0000;0,0000
1850000;1,0654;0,070074;10,895578;221,6134;660,0000;0,0000
1875000;1,1005;0,071250;11,053743;243,4690;1188,0000;0,0000
1900000;1,0386;0,078320;11,107202;217,4237;756,0000;0,0000
1925000;0,9235;0,077081;11,135816;203,3929;852,0000;0,0000
1950000;0,9858;0,076143;11,122338;181,6119;660,0000;0,0000
1975000;0,9576;0,081560;11,177490;190,0000;660,0000;0,0000
2000000;1,1192;0,079894;11,061014;226,7642;756,0000;0,0000
2025000;1,0459;0,074782;11,042609;206,9677;752,0000;0,0000
2050000;1,0882;0,076011;11,156348;202,2985;720,0000;0,0000
2075000;1,0922;0,076552;11,244830;213,9048;708,0000;0,0000
2100000;0,9750;0,080861;11,373195;201,6667;708,0000;0,0000
2125000;0,8672;0,075637;11,437551;210,4854;708,0000;0,0000
2150000;1,0922;0,075007;11,529546;206,1818;852,0000;0,0000
2175000;1,0408;0,087367;11,635295;200,8750;804,0000;0,0000
2200000;0,9731;0,090805;11,730290;200,3306;708,0000;0,0000
2225000;0,9992;0,093119;11,803696;213,5043;900,0000;0,0000
2250000;0,9947;0,094176;11,756055;197,3651;660,0000;0,0000
2275000;0,9181;0,102586;11,732475;183,6160;660,0000;0,0000
2300000;0,8301;0,110523;11,744954;187,7757;660,0000;0,0000
2325000;0,8869;0,089351;11,710569;201,5636;660,0000;0,0000
2350000;0,8394;0,089589;11,800415;183,0357;812,0000;0,0000
2375000;0,9134;0,088197;11,837670;183,3871;660,0000;0,0000
2400000;0,9835;0,088809;11,653767;176,8921;660,0000;0,0000
2425000;0,9914;0,084376;11,618610;205,0667;660,0000;0,0000
2450000;1,1363;0,081481;11,552999;226,6129;772,0000;0,0000
2475000;0,9003;0,080466;11,639875;190,4957;660,0000;0,0000
2500000;0,8784;0,071394;11,610089;195,6429;660,0000;0,0000
2525000;0,8227;0,075157;11,476419;184,9818;616,0000;0,0000
2550000;1,0598;0,073789;11,486414;243,0826;1092,0000;0,0000
2575000;1,0958;0,081239;11,397705;220,9431;660,0000;0,0000
2600000;1,1350;0,080467;11,368114;208,6471;852,0000;0,0000
2625000;1,1960;0,086486;11,192282;242,6992;804,0000;0,0000
2650000;1,1448;0,072245;11,202242;225,3543;948,0000;0,0000
2675000;1,0667;0,079292;11,191492;222,2521;1140,0000;0,0000
2700000;1,0626;0,077631;11,236609;207,1875;708,0000;0,0000
2725000;1,2355;0,082500;11,183802;228,1481;852,0000;0,0000
2750000;1,0059;0,092175;11,084860;207,1074;660,0000;0,0000
2775000;1,0250;0,081699;11,093296;206,7869;804,0000;0,0000
2800000;1,1374;0,067147;11,011841;231,1870;852,0000;0,0000
2825000;0,9894;0,069161;11,038422;229,9439;804,0000;0,0000
2850000;1,1578;0,065931;11,009786;245,2881;1284,0000;0,0000
2875000;1,1718;0,066349;10,908650;245,2881;672,0000;0,0000
2900000;1,1086;0,078898;10,769841;197,9714;660,0000;0,0000
2925000;1,0701;0,079975;10,707748;219,2787;1284,0000;0,0000
2950000;1,0246;0,067796;10,722251;211,7025;768,0000;0,0000
2975000;1,2149;0,067341;10,651733;235,4419;852,0000;0,0000
3000000;1,4091;0,073787;10,635372;252,4058;720,0000;0,0000
3025000;1,1736;0,073944;10,625926;235,5484;900,0000;0,0000
3050000;1,1597;0,071633;10,446301;247,0427;852,0000;0,0000
3075000;1,2138;0,066132;10,366472;251,7667;804,0000;0,0000
3100000;1,2443;0,080152;10,202574;243,9055;900,0000;0,0000
3125000;1,2968;0,070137;10,126201;245,6061;948,0000;0,0000
3150000;1,2514;0,067465;10,117627;248,2857;1380,0000;0,0000
3175000;1,2491;0,067270;9,976924;252,6281;1044,0000;0,0000
3200000;1,3032;0,071557;9,984281;244,0000;948,0000;0,0000
3225000;1,3826;0,069200;9,984358;255,6418;928,0000;0,0000
3250000;1,2630;0,065110;9,927286;258,0496;1044,0000;0,0000
3275000;1,3994;0,071608;9,899142;254,4412;852,0000;0,0000
3300000;1,3298;0,072792;9,893650;261,4173;1248,0000;0,0000
3325000;1,2720;0,084808;9,880674;236,6567;720,0000;0,0000
3350000;1,2014;0,089813;9,958035;242,2258;852,0000;0,0000
3375000;1,2435;0,072795;9,996168;246,3810;660,0000;0,0000
3400000;1,3573;0,068795;9,990024;267,1811;852,0000;0,0000
3425000;1,1107;0,097755;9,909130;222,8710;852,0000;0,0000
