step;avg_r;avg_l;avg_q;avg_ep_r;max_ep_r;min_ep_r
50000;0,5268;0,081256;1,121080;15,4588;90,0000;0,0000
75000;0,5496;0,080882;1,326257;16,5422;110,0000;0,0000
100000;0,5496;0,100506;1,529812;16,2633;80,0000;0,0000
125000;0,5760;0,134075;1,686674;16,7911;120,0000;0,0000
150000;0,6076;0,179712;1,855356;18,7531;90,0000;0,0000
175000;0,6076;0,293391;2,357215;18,3192;100,0000;0,0000
200000;0,6584;0,389424;2,885509;19,8075;110,0000;0,0000
225000;0,6108;0,475876;3,679649;18,7592;110,0000;0,0000
250000;0,5984;0,493186;4,025003;18,3292;130,0000;0,0000
275000;0,5528;0,485916;4,325694;16,9951;100,0000;0,0000
300000;0,5448;0,464695;4,445077;16,2024;90,0000;0,0000
325000;0,5056;0,475905;4,430891;15,1986;90,0000;0,0000
350000;0,5184;0,437568;4,443115;14,9481;90,0000;0,0000
375000;0,4716;0,486988;4,555782;13,8869;90,0000;0,0000
400000;0,5076;0,555876;4,559973;15,4070;140,0000;0,0000
425000;0,4840;0,748306;4,849267;14,4910;100,0000;0,0000
450000;0,4596;0,879903;5,007524;13,4706;100,0000;0,0000
475000;0,4976;1,135950;5,594728;14,5210;90,0000;0,0000
500000;0,4776;1,665514;6,413633;13,6770;100,0000;0,0000
525000;0,4752;2,222284;7,023898;14,0094;100,0000;0,0000
550000;0,4632;3,149450;7,779415;13,6321;90,0000;0,0000
575000;0,4920;3,741955;8,898998;14,6081;100,0000;0,0000
600000;0,4800;2,457507;8,180460;14,6871;100,0000;0,0000
625000;0,5588;2,331149;7,662272;16,5403;90,0000;0,0000
650000;0,5180;3,380175;10,440013;15,0000;610,0000;0,0000
675000;0,5352;3,729570;11,972854;15,4503;90,0000;0,0000
700000;0,5176;4,178163;11,624326;15,0992;70,0000;0,0000
725000;0,5628;4,215476;13,358947;16,6391;80,0000;0,0000
750000;0,6096;3,957702;11,800264;17,6185;80,0000;0,0000
775000;0,6520;5,655275;15,377376;17,7174;100,0000;0,0000
800000;0,6820;6,909084;21,988280;19,1789;80,0000;0,0000
825000;0,6228;13,856158;36,407727;16,8872;100,0000;0,0000
850000;0,6844;17,786242;48,988739;19,3658;100,0000;0,0000
875000;0,6808;18,864650;54,387094;19,0787;80,0000;0,0000
900000;0,6048;15,336551;51,192341;16,6337;110,0000;0,0000
925000;0,5776;17,390616;61,550396;17,9602;80,0000;0,0000
950000;0,8312;24,412223;85,746357;30,5761;80,0000;0,0000
975000;0,8996;30,929541;113,790580;33,4077;140,0000;0,0000
1000000;0,7800;35,730972;139,107423;25,1421;140,0000;0,0000
1025000;1,0732;48,278115;175,096099;41,9219;690,0000;0,0000
1050000;0,9568;58,712625;211,288695;41,1360;120,0000;0,0000
1075000;0,9332;63,515380;256,563719;40,7881;120,0000;0,0000
1100000;0,9472;70,773393;297,362736;39,4983;100,0000;0,0000
1125000;0,9944;89,401443;356,788918;39,4444;120,0000;0,0000
1150000;1,0984;101,055779;405,388275;42,0061;140,0000;0,0000
1175000;1,0520;130,476273;404,094371;40,0305;120,0000;0,0000
1200000;1,0820;112,565196;326,983915;40,4948;110,0000;0,0000
1225000;0,9600;58,765005;300,013139;35,5407;110,0000;0,0000
1250000;0,6364;51,577902;273,655842;22,3174;150,0000;0,0000
1275000;0,6504;56,666484;320,657408;23,5072;110,0000;0,0000
1300000;0,6272;55,776794;316,135624;20,2584;100,0000;0,0000
1325000;0,8104;58,829940;303,637973;30,1339;110,0000;0,0000
1350000;0,8008;74,592694;311,817594;30,5810;110,0000;0,0000
1375000;0,7208;62,005045;308,179747;29,7351;100,0000;0,0000
1400000;0,6976;59,532389;266,959760;26,8567;110,0000;0,0000
1425000;0,7860;54,656765;255,573477;27,1409;120,0000;0,0000
1450000;0,9644;59,129786;304,007709;35,4265;740,0000;0,0000
1475000;0,7868;69,681340;323,418778;26,2299;110,0000;0,0000
1500000;0,9756;83,277796;366,728357;34,7714;120,0000;0,0000
1525000;0,8420;94,358654;421,183590;29,3994;110,0000;0,0000
1550000;0,9480;95,727889;415,971710;35,1039;120,0000;0,0000
1575000;0,8692;101,529270;456,568201;33,1145;810,0000;0,0000
1600000;0,9600;122,590715;539,005077;38,3494;120,0000;0,0000
1625000;0,9624;137,665404;619,573523;38,7440;610,0000;0,0000
1650000;0,8588;142,304879;672,808688;33,2558;110,0000;0,0000
1675000;0,8060;190,000189;788,985181;30,4394;630,0000;0,0000
1700000;0,6588;239,014919;998,243701;27,7740;610,0000;0,0000
1725000;0,8600;240,393490;1069,882941;34,1270;630,0000;0,0000
1750000;0,6964;263,067961;1147,306502;26,5496;110,0000;0,0000
1775000;0,8196;293,899589;1219,727696;31,0455;600,0000;0,0000
1800000;0,7388;238,688874;1154,037923;28,3975;100,0000;0,0000
1825000;0,9192;308,961700;1346,392992;39,2137;600,0000;0,0000
1850000;0,9148;390,570716;1615,477626;39,6354;110,0000;0,0000
1875000;0,9264;491,443758;2099,353487;43,2150;110,0000;0,0000
1900000;0,9124;504,620678;2267,986177;40,4440;100,0000;0,0000
1925000;0,8672;735,708763;2864,513483;41,1027;100,0000;0,0000
1950000;0,8932;910,314232;3604,879653;41,2407;80,0000;0,0000
1975000;0,8832;886,303754;3978,958656;40,5882;110,0000;0,0000
2000000;0,8688;1330,040240;4812,556909;41,6123;90,0000;0,0000
2025000;0,9052;1933,606319;5768,663936;43,2759;70,0000;0,0000
2050000;0,8744;2104,585584;7117,398727;42,3301;70,0000;0,0000
2075000;0,8568;2804,007931;8872,564939;41,4757;70,0000;0,0000
2100000;0,8668;2895,474625;10652,665930;41,1407;100,0000;0,0000
2125000;0,8584;3471,120091;13228,101386;40,3585;100,0000;0,0000
2150000;0,8576;3390,746179;14405,429854;42,1260;100,0000;0,0000
2175000;0,8820;4471,386523;17126,326618;41,8406;70,0000;0,0000
2200000;0,8860;4874,010540;18245,158283;41,6384;80,0000;0,0000
2225000;0,8904;6320,780954;26495,086491;42,6054;80,0000;0,0000
2250000;0,7972;8218,376768;31736,691402;39,7405;80,0000;0,0000
2275000;0,8308;7877,198783;38286,536476;39,2803;70,0000;0,0000
2300000;0,8104;8896,329460;38092,719741;40,2783;70,0000;0,0000
2325000;0,7384;12545,791015;49826,823010;33,2252;60,0000;0,0000
2350000;0,7956;18099,888139;67808,526451;40,3448;70,0000;0,0000
2375000;0,7552;22264,657005;100232,056825;39,0062;110,0000;0,0000
2400000;0,6192;27220,497171;120410,597851;33,5652;70,0000;0,0000
2425000;0,7568;32535,500128;163646,085060;39,6429;70,0000;0,0000
2450000;0,7432;49103,721180;235899,592108;37,6673;70,0000;0,0000
2475000;0,7200;47529,302385;267676,281798;36,4300;70,0000;0,0000
2500000;0,7480;87384,813007;370457,350742;40,2155;90,0000;0,0000
2525000;0,7268;88363,488731;446792,624884;37,0061;70,0000;0,0000
2550000;0,7524;103167,652754;487751,508523;34,9813;70,0000;0,0000
2575000;0,7148;135819,857634;565435,036282;31,7825;70,0000;0,0000
2600000;0,6180;110487,706761;676790,771974;33,6463;80,0000;0,0000
2625000;0,6816;136159,682046;681782,138455;33,4646;80,0000;0,0000
2650000;0,7212;118030,353270;688799,404909;37,5208;70,0000;0,0000
2675000;0,7060;147983,301197;737377,221927;31,0229;70,0000;0,0000
2700000;0,7620;135741,987636;761105,124169;34,2523;70,0000;0,0000
2725000;0,7188;167553,570660;807362,676711;36,0442;70,0000;0,0000
2750000;0,7304;155913,250056;961553,692287;39,5652;70,0000;0,0000
2775000;0,7356;214171,952215;1114691,226004;37,5460;70,0000;0,0000
2800000;0,7260;216302,329639;1125256,632374;34,9903;70,0000;0,0000
2825000;0,7340;250301,940107;1324668,668646;37,6749;70,0000;0,0000
2850000;0,7388;235030,445328;1407317,802466;39,1314;70,0000;0,0000
2875000;0,7452;255269,611329;1521550,571253;37,1657;70,0000;0,0000
2900000;0,7580;326926,284255;1669060,876612;39,4781;70,0000;0,0000
2925000;0,6928;396778,850788;2118425,865178;31,3043;70,0000;0,0000
2950000;0,5924;401362,118275;2193007,325903;34,4289;80,0000;0,0000
2975000;0,7204;409579,422517;2332501,411339;38,9805;110,0000;0,0000
3000000;0,7448;419232,159461;2360841,691589;39,3644;70,0000;0,0000
3025000;0,7504;511608,945239;2825286,966581;35,6274;70,0000;0,0000
3050000;0,7112;489444,540096;2757478,786269;33,5606;70,0000;0,0000
3075000;0,7508;594089,663878;3261768,079158;31,4983;80,0000;0,0000
3100000;0,7380;514272,866126;3216201,207133;37,9424;70,0000;0,0000
3125000;0,7440;597148,209468;3709937,723273;39,4055;80,0000;0,0000
3150000;0,6908;690812,367406;4048327,070321;33,2882;70,0000;0,0000
3175000;0,6624;753097,799160;4163860,816257;26,9984;90,0000;0,0000
3200000;0,7580;895166,225939;5238315,892492;38,5132;590,0000;0,0000
3225000;0,7168;1097508,550637;5981234,862372;39,2544;80,0000;0,0000
3250000;0,6896;1183856,274937;7091744,650714;34,8785;70,0000;0,0000
3275000;0,7140;1191883,216848;7012089,328328;36,5708;80,0000;0,0000
3300000;0,7104;1331174,779880;7015870,403917;36,0896;70,0000;0,0000
3325000;0,7544;1404507,099395;8577897,180829;39,7046;70,0000;0,0000
3350000;0,7544;1826341,279895;8787021,140139;41,2281;70,0000;0,0000
3375000;0,7680;1364166,539246;9071749,032259;33,0000;70,0000;0,0000
3400000;0,7284;1622359,651408;9836355,957243;36,9371;70,0000;0,0000
3425000;0,7548;1727800,383637;10926031,291059;39,4351;70,0000;0,0000
3450000;0,7628;1936807,046613;11178131,116483;32,1115;80,0000;0,0000
3475000;0,7292;1630586,014537;11745185,326315;37,7433;70,0000;0,0000
3500000;0,7328;2206442,004880;13015555,733572;41,3801;70,0000;0,0000
3525000;0,6584;1942402,117987;12833538,685244;33,3740;70,0000;0,0000
3550000;0,6500;2174274,878046;13333060,217764;32,1230;70,0000;0,0000
3575000;0,7188;2721746,628198;15261610,378480;38,2303;70,0000;0,0000
3600000;0,7368;3192960,473591;17093355,948008;35,2783;80,0000;0,0000
3625000;0,7044;2955744,859545;17958627,942714;36,6806;70,0000;0,0000
3650000;0,6704;3048501,888653;19063148,766712;34,0530;70,0000;0,0000
3675000;0,7584;3802325,779878;20133362,291167;41,1304;70,0000;0,0000
3700000;0,7336;3666425,842502;19867489,047214;38,3473;70,0000;0,0000
3725000;0,7324;3238894,697125;18236023,395951;38,9552;90,0000;0,0000
3750000;0,7436;3252523,687171;19507993,951344;37,2490;80,0000;0,0000
3775000;0,7600;4159378,599632;22372680,104753;35,6685;70,0000;0,0000
3800000;0,7092;4379125,842191;23585567,912374;36,9520;70,0000;0,0000
3825000;0,7012;4675631,622163;25672398,684168;33,8298;70,0000;0,0000
